$ 0 7.8125e-9 0.18682459574322224 1 5 50 5e-11
! JKFF 0 J,K,Clk,/S,/R Q,/Q JKFF ?????\s00\q10\n???0?\q10\n????0\q01\n00-??\sAB\qAB\n10-??\s??\q10\n01-??\s??\q01\n11-??\sAB\qBA\n?????\sAB\qAB\n
208 -192 240 -160 240 0 JKFF 5 0
208 48 240 80 240 0 JKFF 0 5
R -256 448 -304 448 1 2 4000000 2.5 2.5 0 0.5
w -256 448 -256 304 0
w -256 304 -192 304 0
w -256 448 0 448 0
w 0 448 0 304 0
w 0 304 48 304 0
w -96 240 48 240 0
w -96 272 48 272 0
w 144 240 176 240 0
w -208 272 -192 272 0
w 144 272 160 272 0
w 160 272 160 192 0
w 160 192 -208 192 0
w -208 192 -208 240 0
w -208 240 -192 240 0
w -96 240 -96 160 0
w -96 160 128 160 0
x 144 167 162 170 4 24 Q
x 253 247 268 250 4 24 E
w 176 96 -240 96 0
w -96 272 -64 272 0
w -64 272 -64 128 0
w -64 128 -272 128 0
w -272 -96 -272 -272 0
w 176 96 192 96 0
x -226 -171 -211 -168 4 24 E
x -305 -169 -287 -166 6 24 Q
155 48 -384 96 -384 14 0
w -32 -384 48 -384 0
w 0 -16 0 -352 0
w 0 -352 48 -352 0
x -158 -450 -49 -447 6 24 STRETCH
R -288 336 -288 288 0 0 40 5 0 0 0.5
R -32 336 -32 304 0 0 40 5 0 0 0.5
w 176 240 192 240 0
w 192 240 192 96 0
w 192 240 240 240 0
w 192 240 192 400 0
w 192 400 -208 400 0
w -208 400 -208 272 0
w -368 368 -192 368 0
w -368 416 32 416 0
w 32 416 32 336 0
w 32 336 48 336 0
x -594 -415 -513 -412 4 24 MWAIT
w 48 368 -32 368 0
w -32 368 -32 336 0
w 160 272 240 272 0
x 254 279 269 282 6 24 E
w -96 272 -96 480 0
w -96 480 144 480 0
x 141 456 159 459 6 24 Q
151 352 368 400 368 0 2 5 5
w 400 368 432 368 0
x 446 340 499 343 4 24 VMA
w 304 480 304 432 0
w 144 480 304 480 0
w 304 432 304 384 0
w 304 384 352 384 0
w 160 272 160 352 0
w 160 352 352 352 0
w -368 -432 144 -432 0
r -352 336 -304 336 0 10000
x -483 -592 -174 -589 4 24 External\soptional\scircuitry
R 208 -352 208 -400 0 0 40 5 0 0 0.5
r 208 -240 208 -192 0 10000
x 247 -206 317 -203 6 24 SLOW
w 384 -496 -896 -496 0
164 -640 -272 -544 -272 8 5 0 0 0 0 0 false 0
155 -896 -432 -864 -432 14 5
w -896 -496 -896 -432 0
150 -720 -272 -640 -272 0 2 0 5
w -544 -272 -512 -272 0
w -512 -272 -512 -96 0
w -656 -144 -640 -144 0
w -960 -256 -720 -256 0
w -720 -400 -800 -400 0
w -720 -288 -720 -400 0
r -480 0 -480 -64 0 1000
c -480 -128 -480 -64 0 1.0000000000000001e-7 4.976745809387951 0.001
g -480 128 -480 160 0 0
w -512 -96 -544 -96 0
w -656 -80 -608 -80 0
w -656 -80 -656 -144 0
152 -544 -80 -608 -80 2 2 0 5
w -480 -64 -512 -64 0
R -480 -128 -480 -176 0 0 40 5 0 0 0.5
w -512 -64 -544 -64 0
w -240 96 -240 -240 0
w -272 128 -272 -96 0
w -912 -80 -912 -368 0
w -480 0 -480 128 0
w 0 16 -1024 16 0
w -1024 16 -1024 -256 0
w 208 -176 208 -192 0
w 0 16 0 -16 0
w 0 304 0 48 0
w 0 48 0 16 0
150 -992 -400 -928 -400 0 2 5 5
w -960 -256 -1024 -256 0
w -800 -432 -800 -464 0
w -800 -464 -1024 -464 0
s 80 -176 160 -176 0 1 true
g 80 -176 80 -144 0 0
152 288 -160 368 -160 2 2 5 5
w 288 -144 160 -144 0
w 160 -144 160 -96 0
w 160 -96 -272 -96 0
w 368 -160 384 -160 0
w 384 -160 384 -496 0
w -1024 -256 -1024 -384 0
w -1024 -464 -1024 -416 0
w -928 -400 -896 -400 0
w -1024 -384 -992 -384 0
w -1024 -416 -992 -416 0
w -288 336 -192 336 0
w -368 -432 -368 336 0
w -368 368 -368 416 0
w -368 336 -368 368 0
w -368 336 -352 336 0
w -304 336 -288 336 0
w 160 -432 160 -352 0
w 144 -432 160 -432 0
x -683 -308 -492 -305 4 24 CD74HCT4024E
w 160 -352 144 -352 0
w 288 -176 208 -176 0
w 208 -176 160 -176 0
w 48 -320 48 -272 0
w 48 -272 208 -272 0
w 208 -272 208 -240 0
w 208 -272 208 -320 0
w 208 -320 144 -320 0
w 208 -320 208 -352 0
I -736 -80 -816 -80 0 0.5 5
w -656 -80 -736 -80 0
w -816 -80 -896 -80 0
R -768 -432 -768 -464 0 0 40 5 0 0 0.5
w -800 -368 -768 -368 0
w -768 -368 -768 -432 0
w -112 -400 -720 -400 0
x -106 531 70 534 4 24 CD74HCT112E
x 235 -89 412 -86 4 24 SN74HC7032N
x -680 -9 -503 -6 4 24 SN74HC7032N
x -903 -313 -742 -310 4 24 SN74HCT74N
w -912 -368 -896 -368 0
w -912 -80 -896 -80 0
x 19 -238 180 -235 4 24 SN74HCT74N
150 -208 -256 -160 -256 0 2 0 5
w -240 -240 -208 -240 0
w -272 -272 -208 -272 0
150 -112 -384 -32 -384 0 2 0 5
w -160 -256 -128 -256 0
w -128 -256 -128 -368 0
w -128 -368 -112 -368 0
b -1056 -528 433 48 0
o 2 1 0 x81016 5 0.1 0 8 5 64 2 3 5 0 38 0 5 30 38 3 0.025 0 18 0 5 0 18 3 0.025 0 55 0 5 -96 63 0 5 -48
